23 86
23 85
34 52
34 52 86
34 52 85
52 86
52 85
28 39
28 39 85
28 86
2 28
2 28 85
28 85
3 90
3 34 90
3 34
3 34 86
3 34 85
3 86
3 85
36 56
36 56 90
36 56 86
36 56 85
56 90
34 56 90
56 86
56 85
34 56
34 56 86
34 56 85
1 24
1 24 90
1 24 86
1 24 85
1 36
1 36 90
1 36 86
1 36 85
1 90
1 34 90
1 34
1 34 86
1 34 85
1 86
1 85
39 93
63 93
34 63 93
36 93
59 93
36 59 93
34 59 93
34 93
36 110
36 86 110
36 90 110
36 85 110
86 110
34 110
34 86 110
34 85 110
90 110
34 90 110
85 110
2 63
2 63 85
2 59
2 59 90
2 39 59
2 39 59 85
2 59 86
2 34 59
2 34 59 86
2 34 59 85
2 59 85
2 90
2 34 90
2 39
2 39 90
2 39 86
2 34 39
2 34 39 86
2 34 39 85
2 39 85
2 86
2 34
2 34 86
2 34 85
2 85
59 76
34 59 76
67 76
34 67 76
34 76
67 90
34 67 90
67 86
67 85
34 67
34 67 86
34 67 85
36 53
36 53 90
36 53 86
36 53 85
53 90
34 53 90
53 86
53 85
34 53
34 53 86
34 53 85
24 90
24 86
24 85
39 63
39 63 85
36 63
36 63 90
36 63 86
36 63 85
63 90
34 63 90
63 86
34 63
34 63 86
34 63 85
63 85
39 59
39 59 86
34 39 59
34 39 59 86
34 39 59 85
39 59 85
36 59
36 59 90
36 59 86
36 59 85
59 90
34 59 90
59 86
34 59
34 59 86
34 59 85
59 85
36 39
36 39 90
36 39 86
36 39 85
39 90
34 39 90
34 39
34 39 86
34 39 85
39 86
39 85
36 90
36 86
36 85
34 90
34 86
34 85
